2 3 1
2 5 2
2 7 3
2 9 4
2 11 5
2 13 6
2 15 7
2 17 8
2 19 9
2 21 10
2 23 11
2 25 12
2 27 13
2 29 14
2 31 15
2 33 16
2 35 17
2 37 18
2 39 19
2 41 20
2 43 21
2 45 22
2 47 23
2 49 24
2 51 25
2 53 26
2 55 27
2 57 28
2 59 29
2 61 30
2 63 31
2 65 32
2 67 33
2 69 34
2 71 35
2 73 36
2 75 37
2 77 38
2 79 39
2 81 40
2 83 41
2 85 42
2 87 43
2 89 44
2 91 45
2 93 46
2 95 47
2 97 48
2 99 49
3 4 3
3 5 4
3 7 6
3 8 7
3 10 9
3 11 10
3 13 12
3 14 13
3 16 15
3 17 16
3 19 18
3 20 19
3 22 21
3 23 22
3 25 24
3 26 25
3 28 27
3 29 28
3 31 30
3 32 31
3 34 33
3 35 34
3 37 36
3 38 37
3 40 39
3 41 40
3 43 42
3 44 43
3 46 45
3 47 46
3 49 48
3 50 49
3 52 51
3 53 52
3 55 54
3 56 55
3 58 57
3 59 58
3 61 60
3 62 61
3 64 63
3 65 64
3 67 66
3 68 67
3 70 69
3 71 70
3 73 72
3 74 73
3 76 75
3 77 76
3 79 78
3 80 79
3 82 81
3 83 82
3 85 84
3 86 85
3 88 87
3 89 88
3 91 90
3 92 91
3 94 93
3 95 94
3 97 96
3 98 97
3 100 99
4 5 6
4 7 9
4 9 12
4 11 15
4 13 18
4 15 21
4 17 24
4 19 27
4 21 30
4 23 33
4 25 36
4 27 39
4 29 42
4 31 45
4 33 48
4 35 51
4 37 54
4 39 57
4 41 60
4 43 63
4 45 66
4 47 69
4 49 72
4 51 75
4 53 78
4 55 81
4 57 84
4 59 87
4 61 90
4 63 93
4 65 96
4 67 99
4 69 102
4 71 105
4 73 108
4 75 111
4 77 114
4 79 117
4 81 120
4 83 123
4 85 126
4 87 129
4 89 132
4 91 135
4 93 138
4 95 141
4 97 144
4 99 147
5 6 10
5 7 12
5 8 14
5 9 16
5 11 20
5 12 22
5 13 24
5 14 26
5 16 30
5 17 32
5 18 34
5 19 36
5 21 40
5 22 42
5 23 44
5 24 46
5 26 50
5 27 52
5 28 54
5 29 56
5 31 60
5 32 62
5 33 64
5 34 66
5 36 70
5 37 72
5 38 74
5 39 76
5 41 80
5 42 82
5 43 84
5 44 86
5 46 90
5 47 92
5 48 94
5 49 96
5 51 100
5 52 102
5 53 104
5 54 106
5 56 110
5 57 112
5 58 114
5 59 116
5 61 120
5 62 122
5 63 124
5 64 126
5 66 130
5 67 132
5 68 134
5 69 136
5 71 140
5 72 142
5 73 144
5 74 146
5 76 150
5 77 152
5 78 154
5 79 156
5 81 160
5 82 162
5 83 164
5 84 166
5 86 170
5 87 172
5 88 174
5 89 176
5 91 180
5 92 182
5 93 184
5 94 186
5 96 190
5 97 192
5 98 194
5 99 196
6 7 15
6 11 25
6 13 30
6 17 40
6 19 45
6 23 55
6 25 60
6 29 70
6 31 75
6 35 85
6 37 90
6 41 100
6 43 105
6 47 115
6 49 120
6 53 130
6 55 135
6 59 145
6 61 150
6 65 160
6 67 165
6 71 175
6 73 180
6 77 190
6 79 195
6 83 205
6 85 210
6 89 220
6 91 225
6 95 235
6 97 240
7 8 21
7 9 24
7 10 27
7 11 30
7 12 33
7 13 36
7 15 42
7 16 45
7 17 48
7 18 51
7 19 54
7 20 57
7 22 63
7 23 66
7 24 69
7 25 72
7 26 75
7 27 78
7 29 84
7 30 87
7 31 90
7 32 93
7 33 96
7 34 99
7 36 105
7 37 108
7 38 111
7 39 114
7 40 117
7 41 120
7 43 126
7 44 129
7 45 132
7 46 135
7 47 138
7 48 141
7 50 147
7 51 150
7 52 153
7 53 156
7 54 159
7 55 162
7 57 168
7 58 171
7 59 174
7 60 177
7 61 180
7 62 183
7 64 189
7 65 192
7 66 195
7 67 198
7 68 201
7 69 204
7 71 210
7 72 213
7 73 216
7 74 219
7 75 222
7 76 225
7 78 231
7 79 234
7 80 237
7 81 240
7 82 243
7 83 246
7 85 252
7 86 255
7 87 258
7 88 261
7 89 264
7 90 267
7 92 273
7 93 276
7 94 279
7 95 282
7 96 285
7 97 288
7 99 294
7 100 297
8 9 28
8 11 35
8 13 42
8 15 49
8 17 56
8 19 63
8 21 70
8 23 77
8 25 84
8 27 91
8 29 98
8 31 105
8 33 112
8 35 119
8 37 126
8 39 133
8 41 140
8 43 147
8 45 154
8 47 161
8 49 168
8 51 175
8 53 182
8 55 189
8 57 196
8 59 203
8 61 210
8 63 217
8 65 224
8 67 231
8 69 238
8 71 245
8 73 252
8 75 259
8 77 266
8 79 273
8 81 280
8 83 287
8 85 294
8 87 301
8 89 308
8 91 315
8 93 322
8 95 329
8 97 336
8 99 343
9 10 36
9 11 40
9 13 48
9 14 52
9 16 60
9 17 64
9 19 72
9 20 76
9 22 84
9 23 88
9 25 96
9 26 100
9 28 108
9 29 112
9 31 120
9 32 124
9 34 132
9 35 136
9 37 144
9 38 148
9 40 156
9 41 160
9 43 168
9 44 172
9 46 180
9 47 184
9 49 192
9 50 196
9 52 204
9 53 208
9 55 216
9 56 220
9 58 228
9 59 232
9 61 240
9 62 244
9 64 252
9 65 256
9 67 264
9 68 268
9 70 276
9 71 280
9 73 288
9 74 292
9 76 300
9 77 304
9 79 312
9 80 316
9 82 324
9 83 328
9 85 336
9 86 340
9 88 348
9 89 352
9 91 360
9 92 364
9 94 372
9 95 376
9 97 384
9 98 388
9 100 396
10 11 45
10 13 54
10 17 72
10 19 81
10 21 90
10 23 99
10 27 117
10 29 126
10 31 135
10 33 144
10 37 162
10 39 171
10 41 180
10 43 189
10 47 207
10 49 216
10 51 225
10 53 234
10 57 252
10 59 261
10 61 270
10 63 279
10 67 297
10 69 306
10 71 315
10 73 324
10 77 342
10 79 351
10 81 360
10 83 369
10 87 387
10 89 396
10 91 405
10 93 414
10 97 432
10 99 441
11 12 55
11 13 60
11 14 65
11 15 70
11 16 75
11 17 80
11 18 85
11 19 90
11 20 95
11 21 100
11 23 110
11 24 115
11 25 120
11 26 125
11 27 130
11 28 135
11 29 140
11 30 145
11 31 150
11 32 155
11 34 165
11 35 170
11 36 175
11 37 180
11 38 185
11 39 190
11 40 195
11 41 200
11 42 205
11 43 210
11 45 220
11 46 225
11 47 230
11 48 235
11 49 240
11 50 245
11 51 250
11 52 255
11 53 260
11 54 265
11 56 275
11 57 280
11 58 285
11 59 290
11 60 295
11 61 300
11 62 305
11 63 310
11 64 315
11 65 320
11 67 330
11 68 335
11 69 340
11 70 345
11 71 350
11 72 355
11 73 360
11 74 365
11 75 370
11 76 375
11 78 385
11 79 390
11 80 395
11 81 400
11 82 405
11 83 410
11 84 415
11 85 420
11 86 425
11 87 430
11 89 440
11 90 445
11 91 450
11 92 455
11 93 460
11 94 465
11 95 470
11 96 475
11 97 480
11 98 485
11 100 495
12 13 66
12 17 88
12 19 99
12 23 121
12 25 132
12 29 154
12 31 165
12 35 187
12 37 198
12 41 220
12 43 231
12 47 253
12 49 264
12 53 286
12 55 297
12 59 319
12 61 330
12 65 352
12 67 363
12 71 385
12 73 396
12 77 418
12 79 429
12 83 451
12 85 462
12 89 484
12 91 495
12 95 517
12 97 528
13 14 78
13 15 84
13 16 90
13 17 96
13 18 102
13 19 108
13 20 114
13 21 120
13 22 126
13 23 132
13 24 138
13 25 144
13 27 156
13 28 162
13 29 168
13 30 174
13 31 180
13 32 186
13 33 192
13 34 198
13 35 204
13 36 210
13 37 216
13 38 222
13 40 234
13 41 240
13 42 246
13 43 252
13 44 258
13 45 264
13 46 270
13 47 276
13 48 282
13 49 288
13 50 294
13 51 300
13 53 312
13 54 318
13 55 324
13 56 330
13 57 336
13 58 342
13 59 348
13 60 354
13 61 360
13 62 366
13 63 372
13 64 378
13 66 390
13 67 396
13 68 402
13 69 408
13 70 414
13 71 420
13 72 426
13 73 432
13 74 438
13 75 444
13 76 450
13 77 456
13 79 468
13 80 474
13 81 480
13 82 486
13 83 492
13 84 498
13 85 504
13 86 510
13 87 516
13 88 522
13 89 528
13 90 534
13 92 546
13 93 552
13 94 558
13 95 564
13 96 570
13 97 576
13 98 582
13 99 588
13 100 594
14 15 91
14 17 104
14 19 117
14 23 143
14 25 156
14 27 169
14 29 182
14 31 195
14 33 208
14 37 234
14 39 247
14 41 260
14 43 273
14 45 286
14 47 299
14 51 325
14 53 338
14 55 351
14 57 364
14 59 377
14 61 390
14 65 416
14 67 429
14 69 442
14 71 455
14 73 468
14 75 481
14 79 507
14 81 520
14 83 533
14 85 546
14 87 559
14 89 572
14 93 598
14 95 611
14 97 624
14 99 637
15 16 105
15 17 112
15 19 126
15 22 147
15 23 154
15 26 175
15 28 189
15 29 196
15 31 210
15 32 217
15 34 231
15 37 252
15 38 259
15 41 280
15 43 294
15 44 301
15 46 315
15 47 322
15 49 336
15 52 357
15 53 364
15 56 385
15 58 399
15 59 406
15 61 420
15 62 427
15 64 441
15 67 462
15 68 469
15 71 490
15 73 504
15 74 511
15 76 525
15 77 532
15 79 546
15 82 567
15 83 574
15 86 595
15 88 609
15 89 616
15 91 630
15 92 637
15 94 651
15 97 672
15 98 679
16 17 120
16 19 135
16 21 150
16 23 165
16 25 180
16 27 195
16 29 210
16 31 225
16 33 240
16 35 255
16 37 270
16 39 285
16 41 300
16 43 315
16 45 330
16 47 345
16 49 360
16 51 375
16 53 390
16 55 405
16 57 420
16 59 435
16 61 450
16 63 465
16 65 480
16 67 495
16 69 510
16 71 525
16 73 540
16 75 555
16 77 570
16 79 585
16 81 600
16 83 615
16 85 630
16 87 645
16 89 660
16 91 675
16 93 690
16 95 705
16 97 720
16 99 735
17 18 136
17 19 144
17 20 152
17 21 160
17 22 168
17 23 176
17 24 184
17 25 192
17 26 200
17 27 208
17 28 216
17 29 224
17 30 232
17 31 240
17 32 248
17 33 256
17 35 272
17 36 280
17 37 288
17 38 296
17 39 304
17 40 312
17 41 320
17 42 328
17 43 336
17 44 344
17 45 352
17 46 360
17 47 368
17 48 376
17 49 384
17 50 392
17 52 408
17 53 416
17 54 424
17 55 432
17 56 440
17 57 448
17 58 456
17 59 464
17 60 472
17 61 480
17 62 488
17 63 496
17 64 504
17 65 512
17 66 520
17 67 528
17 69 544
17 70 552
17 71 560
17 72 568
17 73 576
17 74 584
17 75 592
17 76 600
17 77 608
17 78 616
17 79 624
17 80 632
17 81 640
17 82 648
17 83 656
17 84 664
17 86 680
17 87 688
17 88 696
17 89 704
17 90 712
17 91 720
17 92 728
17 93 736
17 94 744
17 95 752
17 96 760
17 97 768
17 98 776
17 99 784
17 100 792
18 19 153
18 23 187
18 25 204
18 29 238
18 31 255
18 35 289
18 37 306
18 41 340
18 43 357
18 47 391
18 49 408
18 53 442
18 55 459
18 59 493
18 61 510
18 65 544
18 67 561
18 71 595
18 73 612
18 77 646
18 79 663
18 83 697
18 85 714
18 89 748
18 91 765
18 95 799
18 97 816
19 20 171
19 21 180
19 22 189
19 23 198
19 24 207
19 25 216
19 26 225
19 27 234
19 28 243
19 29 252
19 30 261
19 31 270
19 32 279
19 33 288
19 34 297
19 35 306
19 36 315
19 37 324
19 39 342
19 40 351
19 41 360
19 42 369
19 43 378
19 44 387
19 45 396
19 46 405
19 47 414
19 48 423
19 49 432
19 50 441
19 51 450
19 52 459
19 53 468
19 54 477
19 55 486
19 56 495
19 58 513
19 59 522
19 60 531
19 61 540
19 62 549
19 63 558
19 64 567
19 65 576
19 66 585
19 67 594
19 68 603
19 69 612
19 70 621
19 71 630
19 72 639
19 73 648
19 74 657
19 75 666
19 77 684
19 78 693
19 79 702
19 80 711
19 81 720
19 82 729
19 83 738
19 84 747
19 85 756
19 86 765
19 87 774
19 88 783
19 89 792
19 90 801
19 91 810
19 92 819
19 93 828
19 94 837
19 96 855
19 97 864
19 98 873
19 99 882
19 100 891
20 21 190
20 23 209
20 27 247
20 29 266
20 31 285
20 33 304
20 37 342
20 39 361
20 41 380
20 43 399
20 47 437
20 49 456
20 51 475
20 53 494
20 57 532
20 59 551
20 61 570
20 63 589
20 67 627
20 69 646
20 71 665
20 73 684
20 77 722
20 79 741
20 81 760
20 83 779
20 87 817
20 89 836
20 91 855
20 93 874
20 97 912
20 99 931
21 22 210
21 23 220
21 25 240
21 26 250
21 29 280
21 31 300
21 32 310
21 34 330
21 37 360
21 38 370
21 40 390
21 41 400
21 43 420
21 44 430
21 46 450
21 47 460
21 50 490
21 52 510
21 53 520
21 55 540
21 58 570
21 59 580
21 61 600
21 62 610
21 64 630
21 65 640
21 67 660
21 68 670
21 71 700
21 73 720
21 74 730
21 76 750
21 79 780
21 80 790
21 82 810
21 83 820
21 85 840
21 86 850
21 88 870
21 89 880
21 92 910
21 94 930
21 95 940
21 97 960
21 100 990
22 23 231
22 25 252
22 27 273
22 29 294
22 31 315
22 35 357
22 37 378
22 39 399
22 41 420
22 43 441
22 45 462
22 47 483
22 49 504
22 51 525
22 53 546
22 57 588
22 59 609
22 61 630
22 63 651
22 65 672
22 67 693
22 69 714
22 71 735
22 73 756
22 75 777
22 79 819
22 81 840
22 83 861
22 85 882
22 87 903
22 89 924
22 91 945
22 93 966
22 95 987
22 97 1008
23 24 253
23 25 264
23 26 275
23 27 286
23 28 297
23 29 308
23 30 319
23 31 330
23 32 341
23 33 352
23 34 363
23 35 374
23 36 385
23 37 396
23 38 407
23 39 418
23 40 429
23 41 440
23 42 451
23 43 462
23 44 473
23 45 484
23 47 506
23 48 517
23 49 528
23 50 539
23 51 550
23 52 561
23 53 572
23 54 583
23 55 594
23 56 605
23 57 616
23 58 627
23 59 638
23 60 649
23 61 660
23 62 671
23 63 682
23 64 693
23 65 704
23 66 715
23 67 726
23 68 737
23 70 759
23 71 770
23 72 781
23 73 792
23 74 803
23 75 814
23 76 825
23 77 836
23 78 847
23 79 858
23 80 869
23 81 880
23 82 891
23 83 902
23 84 913
23 85 924
23 86 935
23 87 946
23 88 957
23 89 968
23 90 979
23 91 990
23 93 1012
23 94 1023
23 95 1034
23 96 1045
23 97 1056
23 98 1067
23 99 1078
23 100 1089
24 25 276
24 29 322
24 31 345
24 35 391
24 37 414
24 41 460
24 43 483
24 47 529
24 49 552
24 53 598
24 55 621
24 59 667
24 61 690
24 65 736
24 67 759
24 71 805
24 73 828
24 77 874
24 79 897
24 83 943
24 85 966
24 89 1012
24 91 1035
24 95 1081
24 97 1104
25 26 300
25 27 312
25 28 324
25 29 336
25 31 360
25 32 372
25 33 384
25 34 396
25 36 420
25 37 432
25 38 444
25 39 456
25 41 480
25 42 492
25 43 504
25 44 516
25 46 540
25 47 552
25 48 564
25 49 576
25 51 600
25 52 612
25 53 624
25 54 636
25 56 660
25 57 672
25 58 684
25 59 696
25 61 720
25 62 732
25 63 744
25 64 756
25 66 780
25 67 792
25 68 804
25 69 816
25 71 840
25 72 852
25 73 864
25 74 876
25 76 900
25 77 912
25 78 924
25 79 936
25 81 960
25 82 972
25 83 984
25 84 996
25 86 1020
25 87 1032
25 88 1044
25 89 1056
25 91 1080
25 92 1092
25 93 1104
25 94 1116
25 96 1140
25 97 1152
25 98 1164
25 99 1176
26 27 325
26 29 350
26 31 375
26 33 400
26 35 425
26 37 450
26 41 500
26 43 525
26 45 550
26 47 575
26 49 600
26 51 625
26 53 650
26 55 675
26 57 700
26 59 725
26 61 750
26 63 775
26 67 825
26 69 850
26 71 875
26 73 900
26 75 925
26 77 950
26 79 975
26 81 1000
26 83 1025
26 85 1050
26 87 1075
26 89 1100
26 93 1150
26 95 1175
26 97 1200
26 99 1225
27 28 351
27 29 364
27 31 390
27 32 403
27 34 429
27 35 442
27 37 468
27 38 481
27 40 507
27 41 520
27 43 546
27 44 559
27 46 585
27 47 598
27 49 624
27 50 637
27 52 663
27 53 676
27 55 702
27 56 715
27 58 741
27 59 754
27 61 780
27 62 793
27 64 819
27 65 832
27 67 858
27 68 871
27 70 897
27 71 910
27 73 936
27 74 949
27 76 975
27 77 988
27 79 1014
27 80 1027
27 82 1053
27 83 1066
27 85 1092
27 86 1105
27 88 1131
27 89 1144
27 91 1170
27 92 1183
27 94 1209
27 95 1222
27 97 1248
27 98 1261
27 100 1287
28 29 378
28 31 405
28 33 432
28 37 486
28 39 513
28 41 540
28 43 567
28 45 594
28 47 621
28 51 675
28 53 702
28 55 729
28 57 756
28 59 783
28 61 810
28 65 864
28 67 891
28 69 918
28 71 945
28 73 972
28 75 999
28 79 1053
28 81 1080
28 83 1107
28 85 1134
28 87 1161
28 89 1188
28 93 1242
28 95 1269
28 97 1296
28 99 1323
29 30 406
29 31 420
29 32 434
29 33 448
29 34 462
29 35 476
29 36 490
29 37 504
29 38 518
29 39 532
29 40 546
29 41 560
29 42 574
29 43 588
29 44 602
29 45 616
29 46 630
29 47 644
29 48 658
29 49 672
29 50 686
29 51 700
29 52 714
29 53 728
29 54 742
29 55 756
29 56 770
29 57 784
29 59 812
29 60 826
29 61 840
29 62 854
29 63 868
29 64 882
29 65 896
29 66 910
29 67 924
29 68 938
29 69 952
29 70 966
29 71 980
29 72 994
29 73 1008
29 74 1022
29 75 1036
29 76 1050
29 77 1064
29 78 1078
29 79 1092
29 80 1106
29 81 1120
29 82 1134
29 83 1148
29 84 1162
29 85 1176
29 86 1190
29 88 1218
29 89 1232
29 90 1246
29 91 1260
29 92 1274
29 93 1288
29 94 1302
29 95 1316
29 96 1330
29 97 1344
29 98 1358
29 99 1372
29 100 1386
30 31 435
30 37 522
30 41 580
30 43 609
30 47 667
30 49 696
30 53 754
30 59 841
30 61 870
30 67 957
30 71 1015
30 73 1044
30 77 1102
30 79 1131
30 83 1189
30 89 1276
30 91 1305
30 97 1392
31 32 465
31 33 480
31 34 495
31 35 510
31 36 525
31 37 540
31 38 555
31 39 570
31 40 585
31 41 600
31 42 615
31 43 630
31 44 645
31 45 660
31 46 675
31 47 690
31 48 705
31 49 720
31 50 735
31 51 750
31 52 765
31 53 780
31 54 795
31 55 810
31 56 825
31 57 840
31 58 855
31 59 870
31 60 885
31 61 900
31 63 930
31 64 945
31 65 960
31 66 975
31 67 990
31 68 1005
31 69 1020
31 70 1035
31 71 1050
31 72 1065
31 73 1080
31 74 1095
31 75 1110
31 76 1125
31 77 1140
31 78 1155
31 79 1170
31 80 1185
31 81 1200
31 82 1215
31 83 1230
31 84 1245
31 85 1260
31 86 1275
31 87 1290
31 88 1305
31 89 1320
31 90 1335
31 91 1350
31 92 1365
31 94 1395
31 95 1410
31 96 1425
31 97 1440
31 98 1455
31 99 1470
31 100 1485
32 33 496
32 35 527
32 37 558
32 39 589
32 41 620
32 43 651
32 45 682
32 47 713
32 49 744
32 51 775
32 53 806
32 55 837
32 57 868
32 59 899
32 61 930
32 63 961
32 65 992
32 67 1023
32 69 1054
32 71 1085
32 73 1116
32 75 1147
32 77 1178
32 79 1209
32 81 1240
32 83 1271
32 85 1302
32 87 1333
32 89 1364
32 91 1395
32 93 1426
32 95 1457
32 97 1488
32 99 1519
33 34 528
33 35 544
33 37 576
33 38 592
33 40 624
33 41 640
33 43 672
33 46 720
33 47 736
33 49 768
33 50 784
33 52 816
33 53 832
33 56 880
33 58 912
33 59 928
33 61 960
33 62 976
33 64 1008
33 65 1024
33 67 1056
33 68 1072
33 70 1104
33 71 1120
33 73 1152
33 74 1168
33 76 1200
33 79 1248
33 80 1264
33 82 1296
33 83 1312
33 85 1344
33 86 1360
33 89 1408
33 91 1440
33 92 1456
33 94 1488
33 95 1504
33 97 1536
33 98 1552
33 100 1584
34 35 561
34 37 594
34 39 627
34 41 660
34 43 693
34 45 726
34 47 759
34 49 792
34 53 858
34 55 891
34 57 924
34 59 957
34 61 990
34 63 1023
34 65 1056
34 67 1089
34 69 1122
34 71 1155
34 73 1188
34 75 1221
34 77 1254
34 79 1287
34 81 1320
34 83 1353
34 87 1419
34 89 1452
34 91 1485
34 93 1518
34 95 1551
34 97 1584
34 99 1617
35 36 595
35 37 612
35 38 629
35 39 646
35 41 680
35 43 714
35 44 731
35 46 765
35 47 782
35 48 799
35 51 850
35 52 867
35 53 884
35 54 901
35 57 952
35 58 969
35 59 986
35 61 1020
35 62 1037
35 64 1071
35 66 1105
35 67 1122
35 68 1139
35 69 1156
35 71 1190
35 72 1207
35 73 1224
35 74 1241
35 76 1275
35 78 1309
35 79 1326
35 81 1360
35 82 1377
35 83 1394
35 86 1445
35 87 1462
35 88 1479
35 89 1496
35 92 1547
35 93 1564
35 94 1581
35 96 1615
35 97 1632
35 99 1666
36 37 630
36 41 700
36 43 735
36 47 805
36 49 840
36 53 910
36 55 945
36 59 1015
36 61 1050
36 65 1120
36 67 1155
36 71 1225
36 73 1260
36 77 1330
36 79 1365
36 83 1435
36 85 1470
36 89 1540
36 91 1575
36 95 1645
36 97 1680
37 38 666
37 39 684
37 40 702
37 41 720
37 42 738
37 43 756
37 44 774
37 45 792
37 46 810
37 47 828
37 48 846
37 49 864
37 50 882
37 51 900
37 52 918
37 53 936
37 54 954
37 55 972
37 56 990
37 57 1008
37 58 1026
37 59 1044
37 60 1062
37 61 1080
37 62 1098
37 63 1116
37 64 1134
37 65 1152
37 66 1170
37 67 1188
37 68 1206
37 69 1224
37 70 1242
37 71 1260
37 72 1278
37 73 1296
37 75 1332
37 76 1350
37 77 1368
37 78 1386
37 79 1404
37 80 1422
37 81 1440
37 82 1458
37 83 1476
37 84 1494
37 85 1512
37 86 1530
37 87 1548
37 88 1566
37 89 1584
37 90 1602
37 91 1620
37 92 1638
37 93 1656
37 94 1674
37 95 1692
37 96 1710
37 97 1728
37 98 1746
37 99 1764
37 100 1782
38 39 703
38 41 740
38 43 777
38 45 814
38 47 851
38 49 888
38 51 925
38 53 962
38 55 999
38 59 1073
38 61 1110
38 63 1147
38 65 1184
38 67 1221
38 69 1258
38 71 1295
38 73 1332
38 75 1369
38 77 1406
38 79 1443
38 81 1480
38 83 1517
38 85 1554
38 87 1591
38 89 1628
38 91 1665
38 93 1702
38 97 1776
38 99 1813
39 40 741
39 41 760
39 43 798
39 44 817
39 46 855
39 47 874
39 49 912
39 50 931
39 53 988
39 55 1026
39 56 1045
39 58 1083
39 59 1102
39 61 1140
39 62 1159
39 64 1197
39 67 1254
39 68 1273
39 70 1311
39 71 1330
39 73 1368
39 74 1387
39 76 1425
39 77 1444
39 79 1482
39 80 1501
39 82 1539
39 83 1558
39 85 1596
39 86 1615
39 88 1653
39 89 1672
39 92 1729
39 94 1767
39 95 1786
39 97 1824
39 98 1843
39 100 1881
40 41 780
40 43 819
40 47 897
40 49 936
40 51 975
40 53 1014
40 57 1092
40 59 1131
40 61 1170
40 63 1209
40 67 1287
40 69 1326
40 71 1365
40 73 1404
40 77 1482
40 79 1521
40 81 1560
40 83 1599
40 87 1677
40 89 1716
40 91 1755
40 93 1794
40 97 1872
40 99 1911
41 42 820
41 43 840
41 44 860
41 45 880
41 46 900
41 47 920
41 48 940
41 49 960
41 50 980
41 51 1000
41 52 1020
41 53 1040
41 54 1060
41 55 1080
41 56 1100
41 57 1120
41 58 1140
41 59 1160
41 60 1180
41 61 1200
41 62 1220
41 63 1240
41 64 1260
41 65 1280
41 66 1300
41 67 1320
41 68 1340
41 69 1360
41 70 1380
41 71 1400
41 72 1420
41 73 1440
41 74 1460
41 75 1480
41 76 1500
41 77 1520
41 78 1540
41 79 1560
41 80 1580
41 81 1600
41 83 1640
41 84 1660
41 85 1680
41 86 1700
41 87 1720
41 88 1740
41 89 1760
41 90 1780
41 91 1800
41 92 1820
41 93 1840
41 94 1860
41 95 1880
41 96 1900
41 97 1920
41 98 1940
41 99 1960
41 100 1980
42 43 861
42 47 943
42 53 1066
42 55 1107
42 59 1189
42 61 1230
42 65 1312
42 67 1353
42 71 1435
42 73 1476
42 79 1599
42 83 1681
42 85 1722
42 89 1804
42 95 1927
42 97 1968
43 44 903
43 45 924
43 46 945
43 47 966
43 48 987
43 49 1008
43 50 1029
43 51 1050
43 52 1071
43 53 1092
43 54 1113
43 55 1134
43 56 1155
43 57 1176
43 58 1197
43 59 1218
43 60 1239
43 61 1260
43 62 1281
43 63 1302
43 64 1323
43 65 1344
43 66 1365
43 67 1386
43 68 1407
43 69 1428
43 70 1449
43 71 1470
43 72 1491
43 73 1512
43 74 1533
43 75 1554
43 76 1575
43 77 1596
43 78 1617
43 79 1638
43 80 1659
43 81 1680
43 82 1701
43 83 1722
43 84 1743
43 85 1764
43 87 1806
43 88 1827
43 89 1848
43 90 1869
43 91 1890
43 92 1911
43 93 1932
43 94 1953
43 95 1974
43 96 1995
43 97 2016
43 98 2037
43 99 2058
43 100 2079
44 45 946
44 47 989
44 49 1032
44 51 1075
44 53 1118
44 57 1204
44 59 1247
44 61 1290
44 63 1333
44 65 1376
44 67 1419
44 69 1462
44 71 1505
44 73 1548
44 75 1591
44 79 1677
44 81 1720
44 83 1763
44 85 1806
44 87 1849
44 89 1892
44 91 1935
44 93 1978
44 95 2021
44 97 2064
45 46 990
45 47 1012
45 49 1056
45 52 1122
45 53 1144
45 56 1210
45 58 1254
45 59 1276
45 61 1320
45 62 1342
45 64 1386
45 67 1452
45 68 1474
45 71 1540
45 73 1584
45 74 1606
45 76 1650
45 77 1672
45 79 1716
45 82 1782
45 83 1804
45 86 1870
45 88 1914
45 89 1936
45 91 1980
45 92 2002
45 94 2046
45 97 2112
45 98 2134
46 47 1035
46 49 1080
46 51 1125
46 53 1170
46 55 1215
46 57 1260
46 59 1305
46 61 1350
46 63 1395
46 65 1440
46 67 1485
46 71 1575
46 73 1620
46 75 1665
46 77 1710
46 79 1755
46 81 1800
46 83 1845
46 85 1890
46 87 1935
46 89 1980
46 91 2025
46 93 2070
46 95 2115
46 97 2160
46 99 2205
47 48 1081
47 49 1104
47 50 1127
47 51 1150
47 52 1173
47 53 1196
47 54 1219
47 55 1242
47 56 1265
47 57 1288
47 58 1311
47 59 1334
47 60 1357
47 61 1380
47 62 1403
47 63 1426
47 64 1449
47 65 1472
47 66 1495
47 67 1518
47 68 1541
47 69 1564
47 70 1587
47 71 1610
47 72 1633
47 73 1656
47 74 1679
47 75 1702
47 76 1725
47 77 1748
47 78 1771
47 79 1794
47 80 1817
47 81 1840
47 82 1863
47 83 1886
47 84 1909
47 85 1932
47 86 1955
47 87 1978
47 88 2001
47 89 2024
47 90 2047
47 91 2070
47 92 2093
47 93 2116
47 95 2162
47 96 2185
47 97 2208
47 98 2231
47 99 2254
47 100 2277
48 49 1128
48 53 1222
48 55 1269
48 59 1363
48 61 1410
48 65 1504
48 67 1551
48 71 1645
48 73 1692
48 77 1786
48 79 1833
48 83 1927
48 85 1974
48 89 2068
48 91 2115
48 95 2209
48 97 2256
49 50 1176
49 51 1200
49 52 1224
49 53 1248
49 54 1272
49 55 1296
49 57 1344
49 58 1368
49 59 1392
49 60 1416
49 61 1440
49 62 1464
49 64 1512
49 65 1536
49 66 1560
49 67 1584
49 68 1608
49 69 1632
49 71 1680
49 72 1704
49 73 1728
49 74 1752
49 75 1776
49 76 1800
49 78 1848
49 79 1872
49 80 1896
49 81 1920
49 82 1944
49 83 1968
49 85 2016
49 86 2040
49 87 2064
49 88 2088
49 89 2112
49 90 2136
49 92 2184
49 93 2208
49 94 2232
49 95 2256
49 96 2280
49 97 2304
49 99 2352
49 100 2376
50 51 1225
50 53 1274
50 57 1372
50 59 1421
50 61 1470
50 63 1519
50 67 1617
50 69 1666
50 71 1715
50 73 1764
50 77 1862
50 79 1911
50 81 1960
50 83 2009
50 87 2107
50 89 2156
50 91 2205
50 93 2254
50 97 2352
50 99 2401
51 52 1275
51 53 1300
51 55 1350
51 56 1375
51 58 1425
51 59 1450
51 61 1500
51 62 1525
51 64 1575
51 65 1600
51 67 1650
51 70 1725
51 71 1750
51 73 1800
51 74 1825
51 76 1875
51 77 1900
51 79 1950
51 80 1975
51 82 2025
51 83 2050
51 86 2125
51 88 2175
51 89 2200
51 91 2250
51 92 2275
51 94 2325
51 95 2350
51 97 2400
51 98 2425
51 100 2475
52 53 1326
52 55 1377
52 57 1428
52 59 1479
52 61 1530
52 63 1581
52 67 1683
52 69 1734
52 71 1785
52 73 1836
52 75 1887
52 77 1938
52 79 1989
52 81 2040
52 83 2091
52 85 2142
52 87 2193
52 89 2244
52 93 2346
52 95 2397
52 97 2448
52 99 2499
53 54 1378
53 55 1404
53 56 1430
53 57 1456
53 58 1482
53 59 1508
53 60 1534
53 61 1560
53 62 1586
53 63 1612
53 64 1638
53 65 1664
53 66 1690
53 67 1716
53 68 1742
53 69 1768
53 70 1794
53 71 1820
53 72 1846
53 73 1872
53 74 1898
53 75 1924
53 76 1950
53 77 1976
53 78 2002
53 79 2028
53 80 2054
53 81 2080
53 82 2106
53 83 2132
53 84 2158
53 85 2184
53 86 2210
53 87 2236
53 88 2262
53 89 2288
53 90 2314
53 91 2340
53 92 2366
53 93 2392
53 94 2418
53 95 2444
53 96 2470
53 97 2496
53 98 2522
53 99 2548
53 100 2574
54 55 1431
54 59 1537
54 61 1590
54 65 1696
54 67 1749
54 71 1855
54 73 1908
54 77 2014
54 79 2067
54 83 2173
54 85 2226
54 89 2332
54 91 2385
54 95 2491
54 97 2544
55 56 1485
55 57 1512
55 58 1539
55 59 1566
55 61 1620
55 62 1647
55 63 1674
55 64 1701
55 67 1782
55 68 1809
55 69 1836
55 71 1890
55 72 1917
55 73 1944
55 74 1971
55 76 2025
55 78 2079
55 79 2106
55 81 2160
55 82 2187
55 83 2214
55 84 2241
55 86 2295
55 87 2322
55 89 2376
55 91 2430
55 92 2457
55 93 2484
55 94 2511
55 96 2565
55 97 2592
55 98 2619
56 57 1540
56 59 1595
56 61 1650
56 65 1760
56 67 1815
56 69 1870
56 71 1925
56 73 1980
56 75 2035
56 79 2145
56 81 2200
56 83 2255
56 85 2310
56 87 2365
56 89 2420
56 93 2530
56 95 2585
56 97 2640
56 99 2695
57 58 1596
57 59 1624
57 61 1680
57 62 1708
57 64 1764
57 65 1792
57 67 1848
57 68 1876
57 70 1932
57 71 1960
57 73 2016
57 74 2044
57 77 2128
57 79 2184
57 80 2212
57 82 2268
57 83 2296
57 85 2352
57 86 2380
57 88 2436
57 89 2464
57 91 2520
57 92 2548
57 94 2604
57 97 2688
57 98 2716
57 100 2772
58 59 1653
58 61 1710
58 63 1767
58 65 1824
58 67 1881
58 69 1938
58 71 1995
58 73 2052
58 75 2109
58 77 2166
58 79 2223
58 81 2280
58 83 2337
58 85 2394
58 89 2508
58 91 2565
58 93 2622
58 95 2679
58 97 2736
58 99 2793
59 60 1711
59 61 1740
59 62 1769
59 63 1798
59 64 1827
59 65 1856
59 66 1885
59 67 1914
59 68 1943
59 69 1972
59 70 2001
59 71 2030
59 72 2059
59 73 2088
59 74 2117
59 75 2146
59 76 2175
59 77 2204
59 78 2233
59 79 2262
59 80 2291
59 81 2320
59 82 2349
59 83 2378
59 84 2407
59 85 2436
59 86 2465
59 87 2494
59 88 2523
59 89 2552
59 90 2581
59 91 2610
59 92 2639
59 93 2668
59 94 2697
59 95 2726
59 96 2755
59 97 2784
59 98 2813
59 99 2842
59 100 2871
60 61 1770
60 67 1947
60 71 2065
60 73 2124
60 77 2242
60 79 2301
60 83 2419
60 89 2596
60 91 2655
60 97 2832
61 62 1830
61 63 1860
61 64 1890
61 65 1920
61 66 1950
61 67 1980
61 68 2010
61 69 2040
61 70 2070
61 71 2100
61 72 2130
61 73 2160
61 74 2190
61 75 2220
61 76 2250
61 77 2280
61 78 2310
61 79 2340
61 80 2370
61 81 2400
61 82 2430
61 83 2460
61 84 2490
61 85 2520
61 86 2550
61 87 2580
61 88 2610
61 89 2640
61 90 2670
61 91 2700
61 92 2730
61 93 2760
61 94 2790
61 95 2820
61 96 2850
61 97 2880
61 98 2910
61 99 2940
61 100 2970
62 63 1891
62 65 1952
62 67 2013
62 69 2074
62 71 2135
62 73 2196
62 75 2257
62 77 2318
62 79 2379
62 81 2440
62 83 2501
62 85 2562
62 87 2623
62 89 2684
62 91 2745
62 95 2867
62 97 2928
62 99 2989
63 64 1953
63 65 1984
63 67 2046
63 68 2077
63 71 2170
63 73 2232
63 74 2263
63 76 2325
63 79 2418
63 80 2449
63 82 2511
63 83 2542
63 85 2604
63 86 2635
63 88 2697
63 89 2728
63 92 2821
63 94 2883
63 95 2914
63 97 2976
63 100 3069
64 65 2016
64 67 2079
64 69 2142
64 71 2205
64 73 2268
64 75 2331
64 77 2394
64 79 2457
64 81 2520
64 83 2583
64 85 2646
64 87 2709
64 89 2772
64 91 2835
64 93 2898
64 95 2961
64 97 3024
64 99 3087
65 66 2080
65 67 2112
65 68 2144
65 69 2176
65 71 2240
65 72 2272
65 73 2304
65 74 2336
65 76 2400
65 77 2432
65 79 2496
65 81 2560
65 82 2592
65 83 2624
65 84 2656
65 86 2720
65 87 2752
65 88 2784
65 89 2816
65 92 2912
65 93 2944
65 94 2976
65 96 3040
65 97 3072
65 98 3104
65 99 3136
66 67 2145
66 71 2275
66 73 2340
66 79 2535
66 83 2665
66 85 2730
66 89 2860
66 91 2925
66 95 3055
66 97 3120
67 68 2211
67 69 2244
67 70 2277
67 71 2310
67 72 2343
67 73 2376
67 74 2409
67 75 2442
67 76 2475
67 77 2508
67 78 2541
67 79 2574
67 80 2607
67 81 2640
67 82 2673
67 83 2706
67 84 2739
67 85 2772
67 86 2805
67 87 2838
67 88 2871
67 89 2904
67 90 2937
67 91 2970
67 92 3003
67 93 3036
67 94 3069
67 95 3102
67 96 3135
67 97 3168
67 98 3201
67 99 3234
67 100 3267
68 69 2278
68 71 2345
68 73 2412
68 75 2479
68 77 2546
68 79 2613
68 81 2680
68 83 2747
68 87 2881
68 89 2948
68 91 3015
68 93 3082
68 95 3149
68 97 3216
68 99 3283
69 70 2346
69 71 2380
69 73 2448
69 74 2482
69 76 2550
69 77 2584
69 79 2652
69 80 2686
69 82 2754
69 83 2788
69 85 2856
69 86 2890
69 88 2958
69 89 2992
69 91 3060
69 94 3162
69 95 3196
69 97 3264
69 98 3298
69 100 3366
70 71 2415
70 73 2484
70 79 2691
70 81 2760
70 83 2829
70 87 2967
70 89 3036
70 93 3174
70 97 3312
70 99 3381
71 72 2485
71 73 2520
71 74 2555
71 75 2590
71 76 2625
71 77 2660
71 78 2695
71 79 2730
71 80 2765
71 81 2800
71 82 2835
71 83 2870
71 84 2905
71 85 2940
71 86 2975
71 87 3010
71 88 3045
71 89 3080
71 90 3115
71 91 3150
71 92 3185
71 93 3220
71 94 3255
71 95 3290
71 96 3325
71 97 3360
71 98 3395
71 99 3430
71 100 3465
72 73 2556
72 77 2698
72 79 2769
72 83 2911
72 85 2982
72 89 3124
72 91 3195
72 95 3337
72 97 3408
73 74 2628
73 75 2664
73 76 2700
73 77 2736
73 78 2772
73 79 2808
73 80 2844
73 81 2880
73 82 2916
73 83 2952
73 84 2988
73 85 3024
73 86 3060
73 87 3096
73 88 3132
73 89 3168
73 90 3204
73 91 3240
73 92 3276
73 93 3312
73 94 3348
73 95 3384
73 96 3420
73 97 3456
73 98 3492
73 99 3528
73 100 3564
74 75 2701
74 77 2774
74 79 2847
74 81 2920
74 83 2993
74 85 3066
74 87 3139
74 89 3212
74 91 3285
74 93 3358
74 95 3431
74 97 3504
74 99 3577
75 76 2775
75 77 2812
75 79 2886
75 82 2997
75 83 3034
75 86 3145
75 88 3219
75 89 3256
75 91 3330
75 92 3367
75 94 3441
75 97 3552
75 98 3589
76 77 2850
76 79 2925
76 81 3000
76 83 3075
76 85 3150
76 87 3225
76 89 3300
76 91 3375
76 93 3450
76 97 3600
76 99 3675
77 78 2926
77 79 2964
77 80 3002
77 81 3040
77 82 3078
77 83 3116
77 85 3192
77 86 3230
77 87 3268
77 89 3344
77 90 3382
77 92 3458
77 93 3496
77 94 3534
77 95 3572
77 96 3610
77 97 3648
77 100 3762
78 79 3003
78 83 3157
78 85 3234
78 89 3388
78 95 3619
78 97 3696
79 80 3081
79 81 3120
79 82 3159
79 83 3198
79 84 3237
79 85 3276
79 86 3315
79 87 3354
79 88 3393
79 89 3432
79 90 3471
79 91 3510
79 92 3549
79 93 3588
79 94 3627
79 95 3666
79 96 3705
79 97 3744
79 98 3783
79 99 3822
79 100 3861
80 81 3160
80 83 3239
80 87 3397
80 89 3476
80 91 3555
80 93 3634
80 97 3792
80 99 3871
81 82 3240
81 83 3280
81 85 3360
81 86 3400
81 88 3480
81 89 3520
81 91 3600
81 92 3640
81 94 3720
81 95 3760
81 97 3840
81 98 3880
81 100 3960
82 83 3321
82 85 3402
82 87 3483
82 89 3564
82 91 3645
82 93 3726
82 95 3807
82 97 3888
82 99 3969
83 84 3403
83 85 3444
83 86 3485
83 87 3526
83 88 3567
83 89 3608
83 90 3649
83 91 3690
83 92 3731
83 93 3772
83 94 3813
83 95 3854
83 96 3895
83 97 3936
83 98 3977
83 99 4018
83 100 4059
84 85 3486
84 89 3652
84 95 3901
84 97 3984
85 86 3570
85 87 3612
85 88 3654
85 89 3696
85 91 3780
85 92 3822
85 93 3864
85 94 3906
85 96 3990
85 97 4032
85 98 4074
85 99 4116
86 87 3655
86 89 3740
86 91 3825
86 93 3910
86 95 3995
86 97 4080
86 99 4165
87 88 3741
87 89 3784
87 91 3870
87 92 3913
87 94 3999
87 95 4042
87 97 4128
87 98 4171
87 100 4257
88 89 3828
88 91 3915
88 93 4002
88 95 4089
88 97 4176
89 90 3916
89 91 3960
89 92 4004
89 93 4048
89 94 4092
89 95 4136
89 96 4180
89 97 4224
89 98 4268
89 99 4312
89 100 4356
90 91 4005
90 97 4272
91 92 4095
91 93 4140
91 94 4185
91 95 4230
91 96 4275
91 97 4320
91 99 4410
91 100 4455
92 93 4186
92 95 4277
92 97 4368
92 99 4459
93 94 4278
93 95 4324
93 97 4416
93 98 4462
93 100 4554
94 95 4371
94 97 4464
94 99 4557
95 96 4465
95 97 4512
95 98 4559
95 99 4606
96 97 4560
97 98 4656
97 99 4704
97 100 4752
98 99 4753
99 100 4851
